[array([[ 0.00976358, -0.01095018,  0.00871841, ...,  0.00709423,
         0.00138745, -0.00140138],
       [-0.00515597,  0.00905031,  0.00653633, ...,  0.00471036,
        -0.00685683,  0.01020021],
       [-0.00016895,  0.00565466, -0.01222454, ..., -0.00919794,
        -0.00835257,  0.00267586],
       ...,
       [ 0.00864931, -0.00387025,  0.01162229, ..., -0.00047633,
         0.01139872, -0.00514347],
       [ 0.00439835, -0.00123003,  0.01178034, ..., -0.01124771,
        -0.00747308, -0.00167059],
       [-0.0022705 ,  0.00468023, -0.0110012 , ...,  0.00840407,
         0.0031619 , -0.00042708]]), array([0.04964179, 0.03786422, 0.04056354, 0.06087746, 0.05666749,
       0.05040153, 0.0431799 , 0.03897235, 0.04113984, 0.04738917,
       0.04359335, 0.04302561, 0.03888059, 0.05143613, 0.06159821,
       0.04127403, 0.05365302, 0.04823349, 0.04543185, 0.04578725,
       0.03901977, 0.05552498, 0.05951205, 0.04411746, 0.04717883,
       0.0619871 , 0.05596541, 0.05739795, 0.05198277, 0.0539244 ,
       0.04838978, 0.05128875, 0.04079091, 0.04866357, 0.04800863,
       0.03784677, 0.05324183, 0.03824683, 0.05710446, 0.06080465,
       0.05183906, 0.06129143, 0.057401  , 0.05253727, 0.04876917,
       0.0554182 , 0.04067736, 0.05393737, 0.04707257, 0.05199798,
       0.04068529, 0.05295455, 0.04622956, 0.040724  , 0.05652373,
       0.05298427, 0.06119635, 0.05753991, 0.0378027 , 0.04189048,
       0.04317181, 0.05334656, 0.04701657, 0.04594015, 0.04809179,
       0.06082074, 0.04750619, 0.04717444, 0.05741883, 0.03816352,
       0.05811065, 0.04794332, 0.03912024, 0.05796081, 0.03929265,
       0.03888064, 0.03997108, 0.05570411, 0.04664013, 0.05649947,
       0.04331428, 0.06036351, 0.05635901, 0.0549435 , 0.05191132,
       0.05877129, 0.0420194 , 0.05231807, 0.04725457, 0.04301228,
       0.0596124 , 0.0567924 , 0.05312389, 0.04542243, 0.04497298,
       0.04029087, 0.0491082 , 0.0586382 , 0.06184714, 0.06171921,
       0.05087557, 0.04529455, 0.04512381, 0.04562031, 0.05376244,
       0.05069634, 0.04793636, 0.05256591, 0.05194461, 0.05757231,
       0.06205079, 0.05147847, 0.04515779, 0.05031228, 0.04767872,
       0.05632919, 0.03817505, 0.03810748, 0.04303308, 0.05895941,
       0.04272574, 0.06060455, 0.05948385, 0.06010418, 0.05737962,
       0.04328821, 0.04889527, 0.0411984 , 0.04971776, 0.06063463,
       0.04454333, 0.05476682, 0.0391168 , 0.05805218, 0.05675111,
       0.05678941, 0.04697817, 0.05809441, 0.04073012, 0.04286384,
       0.04518854, 0.04932594, 0.05439636, 0.03868319, 0.06103862,
       0.05812391, 0.04432082, 0.04930798, 0.06000924, 0.04963086,
       0.0557382 , 0.03762239, 0.04991793, 0.05500116, 0.06126843,
       0.05141575, 0.0467711 , 0.06063955, 0.05813668, 0.04171175,
       0.05910102, 0.05092214, 0.03816416, 0.04589859, 0.06085595,
       0.05541944, 0.06122579, 0.05055748, 0.05727607, 0.05407417,
       0.04547954, 0.0516491 , 0.06047563, 0.05841841, 0.05759265,
       0.04423581, 0.04659457, 0.04215112, 0.04740085, 0.04601287,
       0.04961919, 0.04232164, 0.03904333, 0.03764808, 0.04770989,
       0.04135725, 0.04478255, 0.05047223, 0.04682789, 0.05740323,
       0.04683595, 0.05614694, 0.05169053, 0.04023095, 0.05089116,
       0.04157359, 0.05358696, 0.06240304, 0.03945754, 0.06106489,
       0.06232609, 0.04948531, 0.04244724, 0.03980555, 0.04491006,
       0.0381511 , 0.05996407, 0.05676923, 0.04360882, 0.05354922,
       0.06103653, 0.04757266, 0.04467584, 0.05004325, 0.05945607,
       0.04377324, 0.05454065, 0.05843263, 0.05208615, 0.03806947,
       0.05457932, 0.04495371, 0.05544051, 0.04550288, 0.05384758,
       0.04519252, 0.05485151, 0.05081528, 0.04376169, 0.03882082,
       0.04826111, 0.03938984, 0.05904911, 0.04907734, 0.04248027,
       0.05945122, 0.05014645, 0.05645635, 0.04951671, 0.04888857,
       0.05331546, 0.06061188, 0.05640128, 0.05576469, 0.05407698,
       0.04253539, 0.05991662, 0.04092616, 0.06247397, 0.04127331,
       0.03918292, 0.04968968, 0.04722088, 0.06046543, 0.03785032,
       0.05256258, 0.05412485, 0.04865664, 0.04797562, 0.05654433,
       0.06243751, 0.06129867, 0.04911423, 0.05345422, 0.05509343,
       0.04069567, 0.05380273, 0.04286959, 0.05830697, 0.04640719,
       0.04172577, 0.04788902, 0.04648826, 0.04916738, 0.04583853,
       0.03977152, 0.05585733, 0.05577662, 0.05893761, 0.05722978,
       0.04830692, 0.04432142, 0.04717865, 0.05701134, 0.04926307,
       0.05292215, 0.04443633, 0.05343165, 0.06060947, 0.04383038,
       0.05030706, 0.05317928, 0.03921354, 0.05516056, 0.057466  ,
       0.05707729, 0.04149185, 0.05618358, 0.05580668, 0.0596832 ,
       0.05878898, 0.0504753 , 0.05387012, 0.05356704, 0.050431  ,
       0.05259757, 0.05875865, 0.05162758, 0.04155502, 0.04559234,
       0.04006807, 0.04390082, 0.06129859, 0.04480219, 0.04540197,
       0.05274442, 0.04237658, 0.04421562, 0.04792812, 0.04305921,
       0.04435351, 0.05411775, 0.04442415, 0.04585201, 0.03788951,
       0.04115464, 0.03848172, 0.04677388, 0.03979687, 0.05628722,
       0.04465858, 0.0525366 , 0.04350685, 0.04847885, 0.05074943,
       0.05398531, 0.04896324, 0.04511162, 0.05962778, 0.05889656,
       0.04709911, 0.05777812, 0.05760924, 0.05711314, 0.04619865,
       0.04583639, 0.05872048, 0.03916954, 0.05596916, 0.05740895,
       0.03781615, 0.05415094, 0.04468008, 0.06201899, 0.03809679,
       0.03789779, 0.04375774, 0.05905648, 0.0498346 , 0.0515394 ,
       0.05888181, 0.04645403, 0.05582323, 0.04643762, 0.05187054,
       0.05911402, 0.03940603, 0.04403494, 0.03776598, 0.04453364,
       0.0388462 , 0.03998037, 0.05099892, 0.05793026, 0.05153754,
       0.05496293, 0.04857595, 0.04190535, 0.0514507 , 0.04607511,
       0.05768098, 0.05073814, 0.06078889, 0.05637841]), array([[ 0.00880349,  0.0180527 ,  0.01934145, ...,  0.01775157,
         0.01575642, -0.00073715],
       [-0.0140054 ,  0.01710317,  0.00871279, ..., -0.00500418,
         0.00228512,  0.01901472],
       [-0.01298701,  0.02451832,  0.00799692, ...,  0.01696155,
        -0.00809273,  0.0029077 ],
       ...,
       [ 0.01252344,  0.01847868, -0.02090006, ...,  0.00458093,
        -0.01553779,  0.00035105],
       [-0.0183812 , -0.00845483,  0.0220059 , ...,  0.02082768,
        -0.00312729, -0.0028681 ],
       [ 0.02401224,  0.02531493, -0.00311476, ...,  0.02147653,
         0.01702449,  0.00219516]]), array([0.05783017, 0.07082302, 0.06828893, 0.0455047 , 0.05873075,
       0.06546443, 0.03898032, 0.03211279, 0.04576681, 0.06920176,
       0.06948228, 0.04199904, 0.06871633, 0.07534169, 0.03315477,
       0.06122902, 0.03384171, 0.03521374, 0.04445579, 0.03520996,
       0.05960213, 0.07270146, 0.03173509, 0.0436014 , 0.04994989,
       0.04657422, 0.04313006, 0.05590543, 0.071743  , 0.03231464,
       0.04594093, 0.051669  , 0.04451771, 0.05841351, 0.05483779,
       0.03768717, 0.04246025, 0.06904209, 0.07436629, 0.06713496,
       0.057137  , 0.05097034, 0.02634223, 0.0594396 , 0.0606999 ,
       0.06720117, 0.02598205, 0.02841986, 0.03642342, 0.04269878,
       0.02738868, 0.05425011, 0.03497891, 0.04424144, 0.02681442,
       0.04714625, 0.0350978 , 0.03168126, 0.04095013, 0.04144495,
       0.0484351 , 0.07548026, 0.02602493, 0.06976749, 0.05491843,
       0.07378827, 0.04614515, 0.0572802 , 0.03478366, 0.04271837,
       0.06570236, 0.04669814, 0.03741827, 0.04782306, 0.05932206,
       0.06123829, 0.03363587, 0.06414137, 0.0361447 , 0.04713962,
       0.02853058, 0.06015113, 0.05805955, 0.02733946, 0.03336897,
       0.05335544, 0.03285831, 0.06333157, 0.05991854, 0.06434188,
       0.06260725, 0.0659256 , 0.04474943, 0.05121364, 0.03424029,
       0.06765752, 0.06454425, 0.06190375, 0.05919225, 0.03625404,
       0.07172106, 0.05308436, 0.05868086, 0.0263918 , 0.05423046,
       0.03792479, 0.03738197, 0.06155937, 0.07238166, 0.04072286,
       0.07497683, 0.05230453, 0.06302705, 0.04049955, 0.0562901 ,
       0.04227834, 0.04639114, 0.04184923, 0.04473006, 0.05793562,
       0.04566425, 0.06224245, 0.04211779, 0.04199137, 0.0541647 ,
       0.05617929, 0.02791979, 0.07066573, 0.04976296, 0.03136211,
       0.06803795, 0.0740256 , 0.07310371, 0.0462485 , 0.03337867,
       0.02677527, 0.03886575, 0.03412528, 0.06441092, 0.06349439,
       0.03827488, 0.04172432, 0.03443573, 0.03304779, 0.0443074 ,
       0.03789432, 0.06991173, 0.02593813, 0.0517994 , 0.04931838,
       0.07133133, 0.03981693, 0.06301925, 0.02455998, 0.04840921,
       0.07300001, 0.03901148, 0.04992869, 0.04978921, 0.06438978,
       0.04831018, 0.06466819, 0.03852968, 0.02703457, 0.02515476,
       0.07478134, 0.04001799, 0.06152424, 0.0258568 , 0.05310009,
       0.07147856, 0.06503639, 0.04536361, 0.06085667, 0.05954551,
       0.04993986, 0.04777376, 0.02555777, 0.07354173, 0.0423319 ,
       0.06330559, 0.07119957, 0.06766113, 0.04992497, 0.04597468,
       0.0554247 , 0.06289547, 0.05633124, 0.07216386, 0.05230322,
       0.03376957, 0.03900062]), array([[0., 0., 0., ..., 0., 0., 0.],
       [0., 0., 0., ..., 0., 0., 0.],
       [0., 0., 0., ..., 0., 0., 0.],
       ...,
       [0., 0., 0., ..., 0., 0., 0.],
       [0., 0., 0., ..., 0., 0., 0.],
       [0., 0., 0., ..., 0., 0., 0.]]), array([0.1       , 0.05      , 0.1       , 0.1       , 0.05      ,
       0.1       , 0.05073516, 0.1       , 0.1       , 0.05      ])]