[array([[ 0.01301811, -0.01460024,  0.01162455, ...,  0.00945897,
         0.00184994, -0.0018685 ],
       [-0.00687463,  0.01206708,  0.0087151 , ...,  0.00628048,
        -0.00914244,  0.01360028],
       [-0.00022527,  0.00753954, -0.01629938, ..., -0.01226392,
        -0.01113676,  0.00356781],
       ...,
       [ 0.01153242, -0.00516034,  0.01549638, ..., -0.00063511,
         0.01519829, -0.00685797],
       [ 0.00586446, -0.00164004,  0.01570712, ..., -0.01499695,
        -0.00996411, -0.00222745],
       [-0.00302733,  0.00624031, -0.01466827, ...,  0.01120542,
         0.00421586, -0.00056944]]), array([0.03285572, 0.01715229, 0.02075139, 0.04783661, 0.04222332,
       0.0338687 , 0.02423987, 0.0186298 , 0.02151979, 0.02985223,
       0.02479113, 0.02403414, 0.01850746, 0.03524817, 0.04879761,
       0.02169871, 0.03820403, 0.03097798, 0.02724247, 0.02771633,
       0.01869303, 0.04069997, 0.04601607, 0.02548994, 0.02957177,
       0.04931613, 0.04128722, 0.04319727, 0.03597702, 0.03856586,
       0.03118637, 0.03505167, 0.02105454, 0.03155143, 0.03067817,
       0.01712903, 0.03765577, 0.01766244, 0.04280594, 0.04773953,
       0.03578542, 0.04838857, 0.04320134, 0.03671635, 0.03169223,
       0.0405576 , 0.02090314, 0.03858316, 0.02943009, 0.03599731,
       0.02091372, 0.03727274, 0.02830608, 0.02096533, 0.04203164,
       0.03731236, 0.04826179, 0.04338654, 0.01707026, 0.02252064,
       0.02422908, 0.03779542, 0.02935543, 0.0279202 , 0.03078905,
       0.04776099, 0.03000825, 0.02956593, 0.04322511, 0.01755137,
       0.04414753, 0.0305911 , 0.01882698, 0.04394774, 0.01905686,
       0.01850752, 0.01996145, 0.04093881, 0.0288535 , 0.04199929,
       0.02441904, 0.04715134, 0.04181202, 0.03992466, 0.03588177,
       0.04502839, 0.02269253, 0.03642409, 0.02967277, 0.02401638,
       0.04614986, 0.04238986, 0.03749852, 0.02722991, 0.02663064,
       0.02038783, 0.03214426, 0.04485093, 0.04912951, 0.04895895,
       0.03450076, 0.0270594 , 0.02683174, 0.02749375, 0.03834992,
       0.03426179, 0.03058182, 0.03675455, 0.03592614, 0.04342975,
       0.04940106, 0.03530462, 0.02687706, 0.03374971, 0.0302383 ,
       0.04177225, 0.01756673, 0.01747664, 0.0240441 , 0.04527921,
       0.02363433, 0.04747274, 0.04597847, 0.04680557, 0.04317282,
       0.02438427, 0.03186037, 0.02159786, 0.03295701, 0.04751284,
       0.02605777, 0.03968909, 0.0188224 , 0.04406957, 0.04233482,
       0.04238588, 0.02930423, 0.04412588, 0.02097349, 0.02381845,
       0.02691806, 0.03243459, 0.03919515, 0.01824425, 0.0480515 ,
       0.04416521, 0.02576109, 0.03241063, 0.04667899, 0.03284115,
       0.04098426, 0.01682985, 0.03322391, 0.04000155, 0.04835791,
       0.035221  , 0.02902813, 0.0475194 , 0.04418224, 0.02228234,
       0.04546803, 0.03456285, 0.01755222, 0.02786479, 0.04780793,
       0.04055925, 0.04830105, 0.03407664, 0.04303476, 0.03876556,
       0.02730606, 0.03553214, 0.04730084, 0.04455788, 0.04345687,
       0.02564774, 0.02879276, 0.02286816, 0.0298678 , 0.02801716,
       0.03282558, 0.02309552, 0.01872444, 0.01686411, 0.03027985,
       0.02180966, 0.02637674, 0.03396298, 0.02910385, 0.04320431,
       0.02911461, 0.04152926, 0.03558737, 0.02030794, 0.03452155,
       0.02209812, 0.03811595, 0.04987073, 0.01927672, 0.04808652,
       0.04976811, 0.03264708, 0.02326299, 0.01974074, 0.02654675,
       0.01753481, 0.04661876, 0.04235898, 0.02481176, 0.03806563,
       0.04804871, 0.03009688, 0.02623445, 0.033391  , 0.04594142,
       0.02503099, 0.03938753, 0.04457683, 0.03611487, 0.01742596,
       0.03943909, 0.02660495, 0.04058735, 0.02733718, 0.03846344,
       0.02692336, 0.03980201, 0.03442037, 0.02501558, 0.01842777,
       0.03101482, 0.01918646, 0.04539881, 0.03210312, 0.02330702,
       0.04593495, 0.0335286 , 0.0419418 , 0.03268894, 0.03185143,
       0.03775395, 0.0474825 , 0.04186837, 0.04101958, 0.03876931,
       0.02338053, 0.04655549, 0.02123488, 0.0499653 , 0.02169775,
       0.01891056, 0.03291958, 0.02962784, 0.04728723, 0.01713376,
       0.0367501 , 0.03883313, 0.03154219, 0.03063416, 0.0420591 ,
       0.04991668, 0.04839823, 0.0321523 , 0.03793897, 0.04012457,
       0.02092756, 0.03840364, 0.02382612, 0.04440929, 0.02854292,
       0.02230103, 0.0305187 , 0.02865102, 0.03222317, 0.0277847 ,
       0.01969536, 0.04114311, 0.04103549, 0.04525015, 0.04297304,
       0.03107589, 0.02576189, 0.02957153, 0.04268179, 0.03235075,
       0.03722954, 0.0259151 , 0.03790887, 0.0474793 , 0.02510717,
       0.03374275, 0.03757238, 0.01895138, 0.04021408, 0.04328801,
       0.04276972, 0.02198913, 0.04157811, 0.04107558, 0.04624427,
       0.04505197, 0.03396706, 0.03849349, 0.03808938, 0.03390799,
       0.03679676, 0.04501153, 0.03550345, 0.02207337, 0.02745645,
       0.02009076, 0.02520109, 0.04839813, 0.02640292, 0.02720262,
       0.03699255, 0.02316877, 0.02562082, 0.03057083, 0.02407895,
       0.02580468, 0.03882366, 0.02589887, 0.02780268, 0.01718601,
       0.02153952, 0.01797563, 0.02903184, 0.01972916, 0.04171629,
       0.02621144, 0.03671547, 0.0246758 , 0.03130514, 0.03433257,
       0.03864708, 0.03195099, 0.02681549, 0.04617037, 0.04519541,
       0.02946549, 0.04370416, 0.04347899, 0.04281753, 0.02826487,
       0.02778185, 0.04496064, 0.01889272, 0.04129221, 0.04321193,
       0.0170882 , 0.03886792, 0.02624011, 0.04935865, 0.01746238,
       0.01719705, 0.02501032, 0.04540864, 0.0331128 , 0.03538586,
       0.04517574, 0.02860538, 0.04109764, 0.0285835 , 0.03582738,
       0.04548536, 0.01920804, 0.02537992, 0.0170213 , 0.02604486,
       0.0184616 , 0.01997382, 0.03466523, 0.04390701, 0.03538339,
       0.03995057, 0.0314346 , 0.02254047, 0.03526761, 0.02810015,
       0.04357464, 0.03431752, 0.04771852, 0.04183787]), array([[ 0.01173799,  0.02407027,  0.02578861, ...,  0.02366876,
         0.02100857, -0.00098287],
       [-0.01867386,  0.02280423,  0.01161705, ..., -0.00667224,
         0.00304683,  0.02535296],
       [-0.01731601,  0.03269109,  0.01066256, ...,  0.0226154 ,
        -0.01079031,  0.00387693],
       ...,
       [ 0.01669792,  0.02463824, -0.02786675, ...,  0.00610791,
        -0.02071705,  0.00046807],
       [-0.02450826, -0.01127311,  0.0293412 , ...,  0.02777024,
        -0.00416972, -0.00382414],
       [ 0.03201632,  0.03375324, -0.00415302, ...,  0.02863538,
         0.02269932,  0.00292689]]), array([ 0.04377356,  0.06109737,  0.05771858,  0.0273396 ,  0.04497434,
        0.05395257,  0.01864042,  0.00948371,  0.02768908,  0.05893568,
        0.05930971,  0.02266539,  0.05828844,  0.06712226,  0.01087302,
        0.04830535,  0.01178895,  0.01361832,  0.02594105,  0.01361327,
        0.04613617,  0.06360195,  0.00898012,  0.02480187,  0.03326652,
        0.02876562,  0.02417342,  0.04120724,  0.062324  ,  0.00975285,
        0.02792125,  0.03555867,  0.02602362,  0.04455134,  0.03978372,
        0.01691622,  0.02328033,  0.05872279,  0.06582172,  0.05617995,
        0.04284933,  0.03462712,  0.00178963,  0.04591947,  0.04759986,
        0.05626822,  0.00130939,  0.00455981,  0.01523122,  0.02359838,
        0.0031849 ,  0.03900014,  0.01330522,  0.02565525,  0.00241923,
        0.02952833,  0.01346374,  0.00890835,  0.02126684,  0.0219266 ,
        0.0312468 ,  0.06730701,  0.00136657,  0.05968999,  0.03989124,
        0.06505103,  0.02819354,  0.04304027,  0.01304488,  0.0236245 ,
        0.05426981,  0.02893086,  0.0165577 ,  0.03043074,  0.04576274,
        0.04831772,  0.01151449,  0.05218849,  0.0148596 ,  0.02951949,
        0.00470745,  0.04686817,  0.0440794 ,  0.00311928,  0.01115862,
        0.03780726,  0.01047775,  0.05110875,  0.04655805,  0.05245584,
        0.050143  ,  0.05456747,  0.02633257,  0.03495152,  0.01232038,
        0.0568767 ,  0.05272567,  0.049205  ,  0.04558966,  0.01500539,
        0.06229474,  0.03744581,  0.04490781,  0.00185573,  0.03897394,
        0.01723306,  0.01650929,  0.04874583,  0.06317555,  0.02096381,
        0.06663577,  0.03640604,  0.05070273,  0.02066606,  0.04172013,
        0.02303779,  0.02852152,  0.02246563,  0.02630674,  0.04391417,
        0.02755234,  0.0496566 ,  0.02282372,  0.02265516,  0.03888626,
        0.04157238,  0.00389305,  0.06088764,  0.03301728,  0.00848281,
        0.05738394,  0.06536747,  0.06413828,  0.02833134,  0.01117157,
        0.00236702,  0.01848767,  0.01216704,  0.0525479 ,  0.05132585,
        0.01769984,  0.02229909,  0.01258097,  0.01073039,  0.0257432 ,
        0.01719243,  0.05988231,  0.00125084,  0.03573253,  0.03242451,
        0.06177511,  0.01975591,  0.05069233, -0.00058669,  0.03121228,
        0.06400001,  0.01868197,  0.03323826,  0.03305228,  0.05251971,
        0.03108025,  0.05289092,  0.01803957,  0.00271275,  0.00020635,
        0.06637512,  0.02002399,  0.04869899,  0.0011424 ,  0.03746678,
        0.06197141,  0.05338185,  0.02715148,  0.0478089 ,  0.04606068,
        0.03325315,  0.03036502,  0.0007437 ,  0.06472231,  0.0231092 ,
        0.05107412,  0.06159942,  0.0568815 ,  0.03323329,  0.02796625,
        0.04056627,  0.05052729,  0.04177499,  0.06288515,  0.0364043 ,
        0.01169276,  0.0186675 ]), array([[0., 0., 0., ..., 0., 0., 0.],
       [0., 0., 0., ..., 0., 0., 0.],
       [0., 0., 0., ..., 0., 0., 0.],
       ...,
       [0., 0., 0., ..., 0., 0., 0.],
       [0., 0., 0., ..., 0., 0., 0.],
       [0., 0., 0., ..., 0., 0., 0.]]), array([0.00098231, 0.03333333, 0.00098231, 0.00098231, 0.03333333,
       0.00098231, 0.03431354, 0.00098231, 0.00098231, 0.03333333])]